,FastHours,age,alcw,weight,height,waist,neck,BMI,bsa,sbp,dbp,abi,HbA1c,FPG,HbA1cIFCC,ldl,hdl,trigs,totchol,LEPTIN,HSCRP,ENDOTHELIN,ALDOSTERONE,cystatinC,sCort,adiponectin,SCrCC,SCrIDMS,eGFRmdrd,eGFRckdepi,maneuvers,FVC,FEV1,FEV6,FEV1PP,FVCPP,EF,ecgHR,QRS,QT,QTcFram,QTcBaz,QTcHod,QTcFrid,CV,dailyDiscr,lifetimeDiscrm,perceivedStress,vitaminD3,FakeCensusTractID,nbmedHHincome,nbpctpoverty,nbpctBlackNH,nbpctWhiteNH,nbSESpc2score,nbSESanascore,nbProblems,nbCohesion,nbViolence,nbK3FavorFoodstore,nbK3paFacilities,nbPopDensity1mi,sportIndex,hyIndex,activeIndex,years,days
FastHours,1.0,0.008816381720047676,-0.014349966586430018,-0.036695961512873354,-0.035998779808700254,-0.05101302449731661,-0.04431689399021264,-0.021492905399955835,-0.04295492964215609,-0.0012904813473793514,0.017756596096769703,-0.003185260912989587,-0.18753443091169394,-0.05876756202961781,-0.18753843334438483,0.03307016558733865,0.03752961844354556,-0.04960691307623828,0.028939791057388135,0.011415120454971504,0.02692554119168826,0.0331567806615588,-0.0031799028483050504,0.010813444739677274,-0.025811857031986872,-0.013067951577113813,0.010551293047567096,0.011055854547962476,-0.03979208347401064,-0.0340450276219734,-0.005098109636716281,0.0077199330670085844,-0.0015106900361285041,0.008707066856072537,0.04600987736463628,0.0577853052649257,0.03594104519088258,-0.04991597163764084,0.0027561507917597057,0.04580210125417343,0.023223464801827104,0.0019773227167594913,0.023341912599316766,0.023632364671316186,-0.035994700972398194,-0.011639305489796222,0.017989475900023037,-0.021772478826659118,-0.012305377699755668,-0.00474646908904944,0.025338102629140036,-0.02640636881657721,0.007175623474035974,-0.008246193146982944,0.0011561970812456414,0.0091759707453006,0.010691174351949044,-0.006387538603652867,0.01254775306844442,-0.03340921508596467,-0.031643590649118786,-0.005921683655407097,0.028262161748134906,0.02463479760376281,0.04832630610472643,0.05965213099104541,0.05965213098988801
age,0.008816381720047676,1.0,-0.09255970081761636,-0.1252286089227784,-0.09949594427139453,0.04632046696461186,-0.026400134856636042,-0.07867658197812671,-0.13133181460491303,0.33232975211039606,-0.1195594900368938,-0.0725094627465695,0.19999350463528187,0.20800631012038046,0.1999941639030305,0.05880085359601858,0.13836819677469775,0.13356020598802903,0.1464795024721397,-0.00014959028451686776,-0.0015691682649580823,0.14634656377433636,0.030852166984283228,0.3845974088728822,0.12858073801974682,0.13602796516247403,0.11708867314313752,0.11783938994694698,-0.4003017061299942,-0.5430905206488205,-0.009168942958306524,-0.36150410771581526,-0.433951543454247,-0.3852810365475778,0.012488125576220485,-0.013815235535775742,0.11539323371561702,-0.0745224362112151,0.14512333493908772,0.2162182143852674,0.19710458748751167,0.15058570039564323,0.22905859814049984,0.2092678039423484,0.13407149799736223,-0.2025090603663781,-0.08508673953913516,-0.29867745148949215,0.15604377065483355,0.06917824283361511,-0.15639186219169643,0.18195023934209575,0.24538949678634422,-0.24549167918265624,0.10065755901314566,-0.16657807152678056,0.16076160239536677,0.000274100816002501,0.14021499858160272,0.18704696550340358,0.030931603790921462,0.18231238748672043,-0.11111279741654158,-0.14698183290559239,-0.11146257810216469,0.037469617889274776,0.03746961788712804
alcw,-0.014349966586430018,-0.09255970081761636,1.0,-0.045531835026096416,0.18435920213412468,-0.06326265572156489,0.07713786218443676,-0.1329606664941373,0.02326274803076827,0.03439770594279319,0.09376968394584687,-0.018707461576481267,-0.050965778421284934,-0.028289587753034848,-0.050969020448327865,-0.03344850819500633,0.02493739426853898,0.06394452047028583,-0.0006143992826182003,-0.18493509009135328,-0.0226157173231652,0.0702227464713148,0.020651989127188145,-0.04276843703623601,0.1795337585621241,-0.024787208108238527,0.061461266651249714,0.06112417689964816,0.11183873846437566,0.08821067079057134,-0.02858279440901069,0.1920043955361678,0.1764275544042323,0.19374513617234784,-0.037381295130033944,-0.016262169628020504,-0.03637743394661412,-0.0038103354121311046,0.03097358080389791,-0.04733934159131938,-0.06925420876682613,-0.06273188112473302,-0.0656851847868487,-0.06823797150473726,0.04292442126252426,0.07461466710936993,0.01617260891618387,0.0501953721396595,0.031863580325858155,0.015436764707007129,-0.030429100150085528,0.032982797602456704,0.03287575564860929,-0.0323459461621245,0.01830643624713312,-0.028781817270745105,0.03515896765759825,-0.0453279719353843,0.04036473101312543,0.04626321512932541,0.020825729317218756,0.03645561663769611,0.019180497121972277,-0.0018406627169780605,-0.01752382020286185,-0.011086299279071447,-0.011086299282703828
weight,-0.036695961512873354,-0.1252286089227784,-0.045531835026096416,1.0,0.32688849122315505,0.8370031204547292,0.6411242990985914,0.8742726876025951,0.9359547106921063,0.08850718423015388,0.15224814022700867,0.19216475975852002,0.18527619397568404,0.12957983762347694,0.18527224361923994,0.019596471517299117,-0.25520756590899557,0.11315812354120393,-0.042319746201896886,0.4072288293238629,0.258860521306847,0.0684282586131355,0.07705779106235441,0.17485526241694635,-0.11500673978017294,-0.2328873506976084,0.10942121695544679,0.10915928452712728,-0.0018737515960272648,0.00019532983163673566,-0.04057332178370965,0.11165276243304402,0.14168148346978132,0.11739371999749362,-0.19093201689789097,-0.23532210853689892,-0.059542828682587756,0.13158837883353142,0.18188628523247483,-0.030579968618333238,0.08161024657059097,0.12336493878679392,0.05892168348365602,0.07845931448247659,0.09825470928597681,0.07252001652338731,0.060898726886720045,0.038712979219903146,-0.12227810868984526,0.023384874369179416,-0.016018648822062095,0.010558950516227563,-0.038508358052156334,0.039016991519310484,0.0032771027959450465,-0.00870678450963524,0.018477995741264002,-0.046462978637590815,0.018799249909843434,-0.012444037991632403,-0.007941833054444828,-0.01453837537861171,-0.03971510296088482,-0.029843818954101202,-0.060772419261535884,-0.05053864476523231,-0.05053864476050746
height,-0.035998779808700254,-0.09949594427139453,0.18435920213412468,0.32688849122315505,1.0,0.12316686615172495,0.4916488897552519,-0.16015762904392924,0.630067225183938,0.02042655861042298,0.20098024525348618,0.10547971269344522,-0.009871807747387442,0.0033689637584295674,-0.009874484379036704,0.012404202826269578,-0.2555704847063033,0.04589905604749929,-0.06829356607013048,-0.40264608575482574,-0.18027421538559374,0.01756463033630551,0.04066864619069352,-0.014198360888206365,0.1425010876616135,-0.20648542123018349,0.41059173559974843,0.4101161080368649,0.01586695231811871,-0.05564481589803608,-0.02551640120434481,0.6840885422926253,0.6472401604895461,0.6882672018883867,-0.16953697564880715,-0.14666574616237535,-0.1564483514601294,-0.1147847550264168,0.20988892048285096,-0.06012606701236445,-0.20586514273750453,-0.22376645606136722,-0.1678754485303618,-0.1969185391366853,0.12727310674494882,0.09014014859815714,0.1157349234217634,-0.04330603920795744,0.09451708660578068,-0.048684147254675875,0.11711852413757745,-0.10000829372031304,-0.05722073252065103,0.05887507665653652,-0.09501569833989588,0.1154557964405099,-0.07116035188796763,0.03773701457426076,-0.06740186320304849,-0.08691447886392181,-0.03943261600273007,-0.07243191523845226,0.06527659336154687,0.0044902944021765236,0.05371577382608864,-0.07440859705832839,-0.0744085970600343
waist,-0.05101302449731661,0.04632046696461186,-0.06326265572156489,0.8370031204547292,0.12316686615172495,1.0,0.5690922819521314,0.8149772088626175,0.7375502524863371,0.13049129995051334,0.09539609135425627,0.15989239269452687,0.258787156584696,0.18943106434438525,0.2587843667415592,0.04030479103964276,-0.22063988966130688,0.17844790457071244,0.009375264344837528,0.46333922537864014,0.27891198881912377,0.10803307618315189,0.09886762747993559,0.2518275902389572,-0.08451738399990039,-0.2400888531293807,0.042639289740105765,0.0425534028009628,-0.02768934506345906,-0.047606953163065666,-0.03376285482373862,-0.096895821971369,-0.07011786830317071,-0.09437855329276044,-0.20201049607896596,-0.2602866183317156,-0.006164952499242309,0.17565381985859307,0.15509152050556782,-0.011043378559736786,0.1503275545368981,0.20051252550608634,0.1185283259388336,0.14497316061973786,0.09751667238224287,0.01698227581224214,0.02236743277893597,0.007628059099342563,-0.12062119129481774,0.059516569137355375,-0.08714808704253166,0.08503100157168435,0.03491275283333922,-0.0352748868108574,0.060326262907419985,-0.08942577807307862,0.08680336645388817,-0.07361748004870347,0.07845188886912846,0.0565186530582778,0.01739232892994854,0.04114024611664795,-0.11347241381501627,-0.03660871585651245,-0.1107559550839209,-0.020850620066349506,-0.020850620060730986
neck,-0.04431689399021264,-0.026400134856636042,0.07713786218443676,0.6411242990985914,0.4916488897552519,0.5690922819521314,1.0,0.4221894017399215,0.7140010397877145,0.14640658679101737,0.20597810339588518,0.18941304515732557,0.2073941867454179,0.18343335165556598,0.20739289596620078,0.0620581955608534,-0.40151634431178573,0.24292809382116806,-0.018689142323639753,-0.0605254125282537,0.045297004425703426,0.09125741698705613,0.1567044634295794,0.16446744302981808,0.0924533258286929,-0.3731583878108276,0.36457348484032626,0.3641690101539895,-0.024618833073969955,-0.09803766087719264,-0.0490591378112722,0.3012841862426739,0.3066820295958951,0.3068503303960269,-0.19826934760451428,-0.23325449995995634,-0.07082858417009459,0.07349255513463886,0.22970624937179995,-0.10501777062297,-0.07932304444205611,-0.03952457244964967,-0.08405169540290784,-0.07856545640371027,0.231893498840016,0.06654048386513686,0.06845572908510691,-0.04277561658820087,0.001982265770602113,0.013046034123622116,-0.007972603199349112,0.020652454834954134,-0.004623887703720261,0.00563354090990959,0.004778812623136792,-0.01089061878295082,0.0204818694148637,-0.045715019439454836,0.02624469729656262,-0.015801346118107254,-0.023190717802392596,-0.004494774394978215,-0.04413565217338289,-0.03891419965658594,-0.05986142975228118,-0.020586551320023842,-0.020586551319683406
BMI,-0.021492905399955835,-0.07867658197812671,-0.1329606664941373,0.8742726876025951,-0.16015762904392924,0.8149772088626175,0.4221894017399215,1.0,0.6574645219266514,0.08030772312777565,0.05510474348701461,0.14835942972497865,0.20023452877833373,0.13437963162313743,0.2002321836525416,0.013759515662097023,-0.13711117053217836,0.09356036925662642,-0.010605888963078503,0.6392282780718005,0.36615580550602816,0.06628746534744988,0.05990348568395691,0.19106002130415742,-0.1861439946997029,-0.14376332722840576,-0.0905936597568113,-0.0906806300182125,-0.009775739752974098,0.027356616862581593,-0.030027059465238853,-0.23153429215405827,-0.18273085277953616,-0.22776834305276253,-0.11976498920720009,-0.17763831104536829,0.015355592822644145,0.19309833942540153,0.08863715298156298,0.0007042447304625507,0.18851317409682578,0.24084297993791773,0.1474822723036411,0.18150079930709348,0.039838521171487375,0.03007625995803339,0.004207745644888121,0.0603831581070819,-0.17390640392139092,0.048318547391064635,-0.07777307553318036,0.06403929810175146,-0.008618508574092828,0.008284227373881438,0.055649804738656015,-0.07164826850802096,0.05874781124447247,-0.06867543889980257,0.05441527007939502,0.03239730161361944,0.01045101735375128,0.021910957846573164,-0.0780180646697121,-0.029297483920619743,-0.09302766697697865,-0.015596612361439496,-0.015596612356215457
bsa,-0.04295492964215609,-0.13133181460491303,0.02326274803076827,0.9359547106921063,0.630067225183938,0.7375502524863371,0.7140010397877145,0.6574645219266514,1.0,0.08124911893091158,0.1963595263313139,0.19951684007515835,0.1581594579711509,0.1165685396420158,0.15815544642026944,0.02556511849429245,-0.3120257923012566,0.11942543471966298,-0.0554644950502631,0.1888296491079221,0.14465003621337155,0.059777468605297084,0.08110439838771032,0.13965654819655104,-0.045783304726544016,-0.2768723925458436,0.242987030244772,0.24260250766112507,-0.0027900017668422584,-0.02801153050280516,-0.042425235293690425,0.33814823036118813,0.3508477469487504,0.3444541750468148,-0.2159132554525252,-0.24760763356891444,-0.10344084193491715,0.0642728999569816,0.2292921119705654,-0.04405114858073952,-0.005840577003897735,0.020837276780224748,-0.01033485477085697,-0.005207512436546168,0.13169196093658922,0.08864447050091012,0.09013672843281512,0.012808069139019619,-0.06357494481501429,0.0006060200088697876,0.030442563497405827,-0.029781781066992134,-0.053916765365986156,0.054923370168681256,-0.032732111752093646,0.036136182549623586,-0.011270975846604485,-0.02505695556341714,-0.010136149248910643,-0.04155587717926903,-0.02028517800323149,-0.03820177062524759,-0.007415631912217719,-0.02002670081922691,-0.029341410109401916,-0.0680111652825466,-0.0680111652795914
sbp,-0.0012904813473793514,0.33232975211039606,0.03439770594279319,0.08850718423015388,0.02042655861042298,0.13049129995051334,0.14640658679101737,0.08030772312777565,0.08124911893091158,1.0,0.537281988651735,-0.060371417909047646,0.13267461329939978,0.14281279814229494,0.13267352620675818,0.08054730837992548,0.007807707391526102,0.10701292321883117,0.10922687798808595,-0.005968600969923756,0.0047243283326581335,0.1588224260931677,0.06242747398932111,0.18110102202437325,0.08452061490643434,0.045709175414422744,0.08522276268803661,0.08575834476206963,-0.12065312674337773,-0.17779308119333745,-0.002571596274924508,-0.1298398945606762,-0.15925095136904532,-0.13799617947153617,-0.099438701105537,-0.10651570034271438,0.0232211279935364,0.033729779401851685,0.08253562483077354,0.06658317548422603,0.11129205742645593,0.11114077494825685,0.112860858804563,0.11231235259596786,0.24847579931023744,-0.051600117385469275,-0.05599658183324121,-0.09320008551819686,0.052057648059213264,0.026323727906375334,-0.08374285639772587,0.0870857247063172,0.0816829707272571,-0.0814494622837078,0.050917976544542644,-0.08273915546435794,0.09026234387359695,-0.049514124921497274,0.08913982233475191,0.05681242348687144,0.006925778523486107,0.0660866329528264,-0.07029275725810352,-0.04114758682763348,-0.06764723336224328,-0.018642861959453964,-0.018642861962859542
dbp,0.017756596096769703,-0.1195594900368938,0.09376968394584687,0.15224814022700867,0.20098024525348618,0.09539609135425627,0.20597810339588518,0.05510474348701461,0.1963595263313139,0.537281988651735,1.0,0.033675168444176715,-0.026900114737985915,-0.007931542684129942,-0.02690208025990365,0.06878676527695343,-0.07861457351477989,0.05450671282525606,0.049290137739244524,-0.10948396104039566,-0.04551042937287706,0.07598992500880834,0.0869954000243677,-0.029180057630628746,0.03630968043858488,-0.07453170621031692,0.1408943619529033,0.14077454093215025,0.009045163931447673,0.007452805765490767,-0.011086096549881436,0.17254420088664768,0.18010402080057192,0.17914479246095114,-0.0567696440788066,-0.07506192561184745,-0.10120328386891084,0.08809528983337993,0.03284190082116639,-0.09030878401715983,-0.02627923595322954,0.006309414148718804,-0.05279676082535544,-0.03525263829386253,0.20829730501207322,0.0565168490752601,0.06219386216540604,0.01928874347790815,0.003094115931830522,-0.02581164492906924,0.0525206431321445,-0.05761907234390274,-0.06935093380536521,0.07111921912411182,-0.02951719983701535,0.05233568291278548,-0.022382802150527528,-0.018936461467104936,-0.008408452920218206,-0.0635161046066158,-0.01812088109757976,-0.060734144642165984,0.0036596125422350507,0.02493294134220107,0.0013556396140080005,-0.07944398556909947,-0.07944398556796652
abi,-0.003185260912989587,-0.0725094627465695,-0.018707461576481267,0.19216475975852002,0.10547971269344522,0.15989239269452687,0.18941304515732557,0.14835942972497865,0.19951684007515835,-0.060371417909047646,0.033675168444176715,1.0,0.019966985298615344,0.03629595498668933,0.019958424129573635,-0.01744723303536946,-0.1240735173494246,0.043873148940473644,-0.049738920647434494,-0.023222602451953917,0.00211123894314856,-0.002777376867453981,0.012679796851297248,-0.02401074429474878,-0.02632108174633187,-0.09369437570317894,0.05199643377188849,0.0516505186409627,0.0387137611102495,0.029941516742282265,0.002994195631132191,0.07688823200850861,0.1070184765321622,0.09091104273145231,-0.007379603446091402,-0.05289618566461122,-0.0713059183258146,0.01751410602380457,0.03258961964559535,-0.05098153214986337,-0.05077184877470981,-0.037011819848396965,-0.05513207693243079,-0.051144025343221926,0.08800212656022832,0.011752820545358728,0.06443074085531376,-0.017585120032960096,-0.0031653903109082875,-0.04480788542218525,0.04406209733020931,-0.05898873676819682,-0.05644851120974119,0.05732273391990584,-0.008809874638011996,0.0406513565967094,-0.05341259130241324,0.014707542668044015,-0.05025909077442507,-0.07783281767804395,-0.04881501517749744,-0.08341285418908619,0.04683471081692287,0.033806313912629116,0.02194487837412565,-0.02840367192496008,-0.028403671917802128
HbA1c,-0.18753443091169394,0.19999350463528187,-0.050965778421284934,0.18527619397568404,-0.009871807747387442,0.258787156584696,0.2073941867454179,0.20023452877833373,0.1581594579711509,0.13267461329939978,-0.026900114737985915,0.019966985298615344,1.0,0.7724228861232029,0.9999999705241764,0.042765021824315436,-0.11019547178016553,0.20453464142304414,0.0642921804781033,0.08311993911860743,0.14124909716633507,0.0259213789558632,0.06770463571307245,0.10840261097536699,0.101259400511668,-0.08418971937328407,-0.017373556018947807,-0.017252728686362507,-0.007278418045955457,-0.05876733446773903,0.01648731072512659,-0.15570885702734166,-0.1664636607949796,-0.16505354106543543,-0.1395882051704906,-0.15795937575790084,-0.00997037594946975,0.1745357967017478,0.06865581080460353,-0.062142369148590226,0.06661600531974886,0.12662545799906727,0.04797309404757297,0.06469939107387643,0.102332411475338,-0.024651315101389425,-0.04192405921932464,-0.0547928031099808,-0.00260892824435931,0.06439188274339486,-0.09436678541719093,0.1102068814340088,0.07657249647203321,-0.07708179264566171,0.06112165786663713,-0.10366260005686216,0.08705466934023703,-0.05550370946638675,0.08242325914178232,0.10614459899217485,0.05399815396113396,0.0948963515967258,-0.07085394545101743,-0.022473849449459894,-0.06232635065848333,-0.031342799559485816,-0.03134279956055112
FPG,-0.05876756202961781,0.20800631012038046,-0.028289587753034848,0.12957983762347694,0.0033689637584295674,0.18943106434438525,0.18343335165556598,0.13437963162313743,0.1165685396420158,0.14281279814229494,-0.007931542684129942,0.03629595498668933,0.7724228861232029,1.0,0.7724246904206094,0.040511135525931406,-0.098004150002579,0.22099535196657044,0.07196268466443377,0.04449434607058261,0.09916118824815318,0.028108941761069116,0.1061461113341743,0.10671166531525371,0.17182312954031517,-0.09478171924794475,0.006928475448272259,0.006768786564725819,-0.01777062103351521,-0.07133237167289394,0.04849857199047948,-0.13732032931658278,-0.13617791011043182,-0.13824433475575373,-0.10887042065413692,-0.14390610838931758,-0.0016769307952063841,0.1730229241637785,0.07519030242468604,-0.06924547301963918,0.05961845468799574,0.11769545114316181,0.03614974250753401,0.05516712901426879,0.11290232659338968,-0.03384746309008313,-0.02437975809565737,-0.03880491219362075,0.0061791253645589635,0.04692939533787144,-0.08451662196634425,0.09771157591129384,0.08828956977477066,-0.08901583569288597,0.046314656639061175,-0.09055764614631233,0.08691543631482741,-0.0539163295249997,0.07988245358882604,0.10928527947497708,0.04426858968258687,0.1072893111809249,-0.07723293975610164,-0.015102749225881194,-0.046896232875528236,-0.0019095385355593975,-0.0019095385402613893
HbA1cIFCC,-0.18753843334438483,0.1999941639030305,-0.050969020448327865,0.18527224361923994,-0.009874484379036704,0.2587843667415592,0.20739289596620078,0.2002321836525416,0.15815544642026944,0.13267352620675818,-0.02690208025990365,0.019958424129573635,0.9999999705241764,0.7724246904206094,1.0,0.042769392626875714,-0.11018934295707955,0.20453052397640023,0.0642975456016152,0.08312155130353603,0.14124515729907025,0.0259272381344863,0.06770720999618186,0.10840375937401991,0.1012582061124611,-0.08418912921377666,-0.01737513265384487,-0.017253951422486244,-0.007278017142288934,-0.058767854927523726,0.016487212994720484,-0.15571259235539597,-0.1664673032259946,-0.16505746500004287,-0.1395864901204577,-0.15795731906496116,-0.009969705376303248,0.17453913731107457,0.06865775983714256,-0.06214144365124277,0.06661953109480818,0.12662975827073777,0.047976727913879975,0.06470282762363062,0.10233653099112694,-0.024654770495774563,-0.04192930703620194,-0.054785072338495486,-0.0026130878310460155,0.06438955246241071,-0.09437124835820368,0.11021034114213411,0.07657439951532742,-0.07708396991055143,0.061125211718719,-0.1036671478998129,0.08705575344495936,-0.05550538970679789,0.08242471471083708,0.10614782053830273,0.054002423154852236,0.09490040482165014,-0.0708531405894582,-0.02248228741293041,-0.062320602312226206,-0.031341880746981056,-0.03134188074804592
ldl,0.03307016558733865,0.05880085359601858,-0.03344850819500633,0.019596471517299117,0.012404202826269578,0.04030479103964276,0.0620581955608534,0.013759515662097023,0.02556511849429245,0.08054730837992548,0.06878676527695343,-0.01744723303536946,0.042765021824315436,0.040511135525931406,0.042769392626875714,1.0,-0.10409825945480375,0.08106974866022805,0.9189484092142443,0.010221025740006221,-0.059581890907267274,0.00573561261639351,0.07365232936471398,0.03703894965633792,-0.00205427148045858,-0.06118528510241917,0.07838171581321157,0.07906724677446955,-0.07765601173402381,-0.08928509595899817,-0.013940456986933445,0.008718824969837745,0.015290241041555833,0.008466896521289211,0.02598477738386936,0.012885934539947356,0.03056576589892112,-0.002093132884402877,0.015534927940650598,-0.019355678594839863,-0.026638728908133204,-0.026554384950775053,-0.027809445755682154,-0.028512180328568785,0.01777454447588668,-0.0040039186541971986,0.019708811124547337,-0.020220271641130876,-0.0042500952042448205,-0.025756319534852634,0.03268974140531258,-0.04312214838224464,-0.010834048720571093,0.011320859881255302,-0.017030076285953356,0.03662763700447351,-0.03506043784783696,0.02766048084574816,-0.03571008724389841,-0.04246813465221878,-0.014876746425093148,-0.02641929655331018,-0.008107555135731526,0.025722594417913455,-0.031869668010757614,-0.03401608601397201,-0.03401608601244539
hdl,0.03752961844354556,0.13836819677469775,0.02493739426853898,-0.25520756590899557,-0.2555704847063033,-0.22063988966130688,-0.40151634431178573,-0.13711117053217836,-0.3120257923012566,0.007807707391526102,-0.07861457351477989,-0.1240735173494246,-0.11019547178016553,-0.098004150002579,-0.11018934295707955,-0.10409825945480375,1.0,-0.3063074847723102,0.17849539295335334,0.10778445764403982,0.033794931262245,-0.017645300481944872,-0.05675078905549258,-0.07969501413497429,0.07259068213882747,0.4242771536411143,-0.20247745129700195,-0.20242389005004163,-0.021205997780305286,-0.0038644996608258033,0.01521817919112376,-0.21176603291807494,-0.22609427576627666,-0.2169781312191064,0.08810609939258739,0.10960420204603037,0.1020594967060112,0.008116500553582274,-0.03414811972765254,0.08089140622136634,0.11703355041820947,0.1059959958413314,0.11351731888528883,0.11586561889181364,-0.12023877672036189,-0.07818347924373426,-0.07282805733205511,-0.003301463157957209,0.008390312591643315,-0.01375363193716233,-0.04053488229717115,0.04787386527558429,0.0813997909423599,-0.08107419443539954,0.01645800776917845,-0.03596732660985585,0.048695266446207905,-0.006649471797502017,0.04509145346142236,0.051663044068438725,0.003150119852219615,0.06516696602126194,0.01938004185691442,-0.01920906502203016,0.026231475523745832,0.08174851152237386,0.08174851152335237
trigs,-0.04960691307623828,0.13356020598802903,0.06394452047028583,0.11315812354120393,0.04589905604749929,0.17844790457071244,0.24292809382116806,0.09356036925662642,0.11942543471966298,0.10701292321883117,0.05450671282525606,0.043873148940473644,0.20453464142304414,0.22099535196657044,0.20453052397640023,0.08106974866022805,-0.3063074847723102,1.0,0.25921206038044964,0.00017166577843790449,0.07209767223360528,0.10154104289346796,0.15620314680719283,0.2027541507039815,0.13918143631749422,-0.22995851340901435,0.12989286554488264,0.12932031193994567,-0.10052679708470505,-0.13358632725044575,-0.023334502686885396,-0.04044241227094883,-0.03384167857045724,-0.04051189458355579,-0.05068492371907866,-0.08387240391605112,-0.008840509878451907,0.09913854929918405,0.03740475395021794,-0.05137374374252954,0.028023760111243377,0.06067807197364808,0.0059228431569651055,0.02262902606473678,0.1228464859804507,-0.03356248113452459,0.01385760294245891,-0.027059582970570775,0.052392795412096155,0.030074916662901054,-0.01944063963752419,0.010289320607470426,0.03182555616685277,-0.033705450314754935,-0.010119795247052962,-0.009054942593107688,-0.0028094622369061162,0.007645445142364226,-0.011302071901892254,0.04787753109923512,0.03908066845874195,0.0529328094101975,-0.012862357986727215,-0.024552553141045815,-0.04584966114215126,-0.03477328323836889,-0.0347732832422391
totchol,0.028939791057388135,0.1464795024721397,-0.0006143992826182003,-0.042319746201896886,-0.06829356607013048,0.009375264344837528,-0.018689142323639753,-0.010605888963078503,-0.0554644950502631,0.10922687798808595,0.049290137739244524,-0.049738920647434494,0.0642921804781033,0.07196268466443377,0.0642975456016152,0.9189484092142443,0.17849539295335334,0.25921206038044964,1.0,0.04523728300808374,-0.01949849146452807,0.03177884105041794,0.09130612711827811,0.06411726500304528,0.07032205690523517,0.031324142513040186,0.03674704526365655,0.037231139881113956,-0.10805736625248002,-0.12292610724618935,-0.013311142371602382,-0.0824755577990721,-0.07984213108379429,-0.0847973354206272,0.039648429265445206,0.025597420539695572,0.06230870797228235,0.03239734002727903,0.013528668845068622,-0.0060823085540516915,0.025099965028741403,0.031463261141868794,0.01574828303969243,0.02103387261894876,0.0089291035246596,-0.041781899159216665,-0.005970669543887034,-0.02873271311711255,0.013272076459999038,-0.02012122219445502,0.0077683498201219425,-0.017976697275501316,0.029547526530553668,-0.02954427525308666,-0.011276874731006064,0.016207205340993576,-0.014703157692093126,0.02523675235274391,-0.0195040964166009,-0.003935949815950215,0.0004991055606091631,0.016499964628474244,-0.005910708069031385,0.00810721156383463,-0.0354321545157493,-0.018339165111799317,-0.018339165111283813
LEPTIN,0.011415120454971504,-0.00014959028451686776,-0.18493509009135328,0.4072288293238629,-0.40264608575482574,0.46333922537864014,-0.0605254125282537,0.6392282780718005,0.1888296491079221,-0.005968600969923756,-0.10948396104039566,-0.023222602451953917,0.08311993911860743,0.04449434607058261,0.08312155130353603,0.010221025740006221,0.10778445764403982,0.00017166577843790449,0.04523728300808374,1.0,0.36876087356136344,0.020656602077863958,0.05758622954175098,0.27425264106274483,-0.2304084083028262,0.048384922429282363,-0.17469889352439516,-0.17404824615079015,-0.15536939339419073,-0.07512015754900085,0.018583168538136612,-0.457805920044038,-0.4131574673063792,-0.45897356733912736,-0.0629511521053804,-0.1071852918563442,0.10295399102296433,0.17003977170594334,-0.03801228309586185,0.07988642462861716,0.28381000325005246,0.3149486547342182,0.2360500990744389,0.273523399725278,-0.11748647655956072,-0.033184927655314014,-0.05604410807662056,0.07676397077697807,-0.16974284186458205,0.033220474068824134,-0.076523299802543,0.058095109789771046,0.044229442664789516,-0.0451009434548297,0.05020219586655116,-0.06693996157669958,0.06426836354253407,-0.040056250718081284,0.0585060939284683,0.06566668617406518,0.03377392252369359,0.0639082699311808,-0.10845700347845966,-0.05279827566084291,-0.06629250581664921,0.04046165868540618,0.040461658682190475
HSCRP,0.02692554119168826,-0.0015691682649580823,-0.0226157173231652,0.258860521306847,-0.18027421538559374,0.27891198881912377,0.045297004425703426,0.36615580550602816,0.14465003621337155,0.0047243283326581335,-0.04551042937287706,0.00211123894314856,0.14124909716633507,0.09916118824815318,0.14124515729907025,-0.059581890907267274,0.033794931262245,0.07209767223360528,-0.01949849146452807,0.36876087356136344,1.0,0.07662688918861864,0.04598758198131548,0.15529141336889543,-0.015739348015314396,-0.08251184327625723,-0.09810450910876943,-0.09845239403157455,-0.02741265969360548,-0.0011282738814138967,0.001431569389911969,-0.24261683613731774,-0.22086820364024404,-0.24128508718711567,-0.11520605247422813,-0.1439034288594589,0.04019259159837688,0.22233985670194703,-0.01757917619328773,-0.05178706337896683,0.14461336465093214,0.21086505039685316,0.10049226464750734,0.13457661338253474,-0.019955936625483176,-0.01160397251647865,-0.049295038215040755,0.018967718026344883,-0.0903771944886842,0.036517962078008476,-0.05509922152262145,0.04025746927442696,0.027792093557891716,-0.028656299604775604,0.04418647778377456,-0.052255361227263465,0.03551548720439297,-0.014536106269267907,0.027906384534527262,0.021454260065579066,0.003449626246349356,0.018832457702018794,-0.06675621906932697,-0.030965891212052805,-0.07985625432514004,-0.0018859147650760993,-0.0018859147626216148
ENDOTHELIN,0.0331567806615588,0.14634656377433636,0.0702227464713148,0.0684282586131355,0.01756463033630551,0.10803307618315189,0.09125741698705613,0.06628746534744988,0.059777468605297084,0.1588224260931677,0.07598992500880834,-0.002777376867453981,0.0259213789558632,0.028108941761069116,0.0259272381344863,0.00573561261639351,-0.017645300481944872,0.10154104289346796,0.03177884105041794,0.020656602077863958,0.07662688918861864,1.0,0.046809692107126676,0.24210773203420977,0.08553720941884961,-4.562885998323974e-05,0.04736855151136655,0.04743612632944625,-0.03413479158554561,-0.0650603526597981,-0.04880443714893694,-0.08936155805241856,-0.10385354807622307,-0.09034131224573139,-0.12554518256193115,-0.1279506319272442,0.011285188597836384,-0.0204424363664133,0.05383814898799607,0.07514933697162672,0.07667180557702473,0.06273708829648837,0.08403924302625607,0.08030308597520522,0.08337618788131902,0.013935517812058564,-0.00909573861474593,-0.06007492579633798,0.020052003952034273,0.01397409368158052,-0.051413767641684906,0.0528082932123147,0.031512576811477004,-0.03149098089390014,0.033941597093419304,-0.05162892268513562,0.030800693503507733,-0.01357579501959278,0.017389129738920216,0.049630483094085756,0.021162943911842324,0.043441447042563947,-0.04726092991006612,-0.015946944517943866,-0.04640913546338697,-0.06528641236927761,-0.06528641237017146
ALDOSTERONE,-0.0031799028483050504,0.030852166984283228,0.020651989127188145,0.07705779106235441,0.04066864619069352,0.09886762747993559,0.1567044634295794,0.05990348568395691,0.08110439838771032,0.06242747398932111,0.0869954000243677,0.012679796851297248,0.06770463571307245,0.1061461113341743,0.06770720999618186,0.07365232936471398,-0.05675078905549258,0.15620314680719283,0.09130612711827811,0.05758622954175098,0.04598758198131548,0.046809692107126676,1.0,0.2169254120071258,0.21036823142900532,-0.10999754039138245,0.22223579158280055,0.2221325602401308,-0.1942728227381273,-0.201437546304457,0.013409212348627849,-0.01272096337568654,-0.01034874136586199,-0.013665538581142089,-0.05500089838985306,-0.06706228558789429,-0.021870983136624538,0.06686458477189162,0.07331300744463205,0.0025642891659305397,0.05978218407008005,0.0799128025989037,0.0544528417348868,0.05980942928018304,0.11730664938608017,-0.00714924102616963,-0.003027744495836157,-0.008552483566873553,0.05244531537468267,0.03632080251236851,-0.008611184357577946,0.027192571152345236,0.0352672757351512,-0.03422614155156163,0.02358761368366224,-0.020652113154606137,0.023504413646097344,0.00529897891570884,0.0018300269617691877,0.016999049696268247,0.003465649984665178,0.021805321297888383,-0.03554674763122869,-0.05631163326406875,-0.02281486878002925,-0.029071446224959514,-0.02907144622524555
cystatinC,0.010813444739677274,0.3845974088728822,-0.04276843703623601,0.17485526241694635,-0.014198360888206365,0.2518275902389572,0.16446744302981808,0.19106002130415742,0.13965654819655104,0.18110102202437325,-0.029180057630628746,-0.02401074429474878,0.10840261097536699,0.10671166531525371,0.10840375937401991,0.03703894965633792,-0.07969501413497429,0.2027541507039815,0.06411726500304528,0.27425264106274483,0.15529141336889543,0.24210773203420977,0.2169254120071258,1.0,0.08555462484121519,0.04954779375530202,0.5496257317829403,0.5493785477864563,-0.5964180607896189,-0.6333417729521333,-0.021829751966697414,-0.17281830325795347,-0.20858005684982764,-0.1866947156402294,-0.10626230909551505,-0.10942390293894448,0.03160273751188613,0.0025808206000986268,0.09050056735696754,0.09159030495121206,0.11117613365675688,0.10086778065314224,0.12386203246549324,0.11666599817007411,0.12907847971613817,-0.08066987379140036,-0.07355191796748412,-0.14433119923814694,0.09042601690511869,0.05713790380912502,-0.09097697782890535,0.0914888801873941,0.08910174649828409,-0.08958310769235782,0.07144760299478423,-0.09899946625380661,0.0834245452474398,-0.01669400095789064,0.06881345366582999,0.08767067579361651,0.03615574760044857,0.08655226076878828,-0.10492488033238699,-0.10922796884717086,-0.08721161823527582,-0.06699941798358834,-0.06699941798698698
sCort,-0.025811857031986872,0.12858073801974682,0.1795337585621241,-0.11500673978017294,0.1425010876616135,-0.08451738399990039,0.0924533258286929,-0.1861439946997029,-0.045783304726544016,0.08452061490643434,0.03630968043858488,-0.02632108174633187,0.101259400511668,0.17182312954031517,0.1012582061124611,-0.00205427148045858,0.07259068213882747,0.13918143631749422,0.07032205690523517,-0.2304084083028262,-0.015739348015314396,0.08553720941884961,0.21036823142900532,0.08555462484121519,1.0,0.0031032175511210426,0.1955983663353089,0.19561382387032705,-0.05919446260778468,-0.11953341310834935,-0.003840683799488194,0.10056702449354686,0.07121006301698125,0.09676361293680699,-0.03801424722309322,-0.02340366425289648,-0.0012522595181164193,0.06666704874788404,0.0607661979775239,-0.08724072868860583,-0.0746699936190256,-0.039932191911650164,-0.06520413178535332,-0.07276476483390677,0.0845218984698658,-0.006317572442052056,-0.027681777006486854,-0.059608057213148644,0.10570058166240104,-0.0037475414424832957,-0.05701095890980343,0.07023768434122868,0.07849855128405718,-0.07911424025380727,0.0399513212781881,-0.06069928460628286,0.05259638817471555,-0.017742880261870157,0.03794269416645764,0.05570484326700959,0.012851020730970041,0.06809317106680256,-0.0066598635709113835,-0.016988397701528594,-0.00435444614484919,0.0052079744844326335,0.005207974481940578
adiponectin,-0.013067951577113813,0.13602796516247403,-0.024787208108238527,-0.2328873506976084,-0.20648542123018349,-0.2400888531293807,-0.3731583878108276,-0.14376332722840576,-0.2768723925458436,0.045709175414422744,-0.07453170621031692,-0.09369437570317894,-0.08418971937328407,-0.09478171924794475,-0.08418912921377666,-0.06118528510241917,0.4242771536411143,-0.22995851340901435,0.031324142513040186,0.048384922429282363,-0.08251184327625723,-4.562885998323974e-05,-0.10999754039138245,0.04954779375530202,0.0031032175511210426,1.0,-0.10344214619090274,-0.1038199363203966,-0.07985154949045078,-0.06599856971419611,-0.005258218298535317,-0.18214445886559547,-0.18948555598695893,-0.18655739897163315,0.0709850442193343,0.08589935979998081,0.06374399746831327,-0.055255859836208995,-0.058238880185811456,0.09489268998523452,0.07323987035500186,0.04242564965343505,0.0829273053849917,0.0753614884640678,-0.09361794768680616,-0.04126210207094458,-0.05091755267824385,0.00035875090149667366,0.02853373900142627,-0.002415557292536483,-0.03388207528432879,0.016567113367244878,0.06290658502642991,-0.06238800840190697,0.03116988936563244,-0.026128560735552992,0.023072744779157318,0.022557026684128935,0.031683464446003104,0.017632831694283733,0.0062850513685301125,0.03720951514896508,0.026359248917497146,-0.037088083253164185,0.03868188346349922,0.017749184558605715,0.017749184553373737
SCrCC,0.010551293047567096,0.11708867314313752,0.061461266651249714,0.10942121695544679,0.41059173559974843,0.042639289740105765,0.36457348484032626,-0.0905936597568113,0.242987030244772,0.08522276268803661,0.1408943619529033,0.05199643377188849,-0.017373556018947807,0.006928475448272259,-0.01737513265384487,0.07838171581321157,-0.20247745129700195,0.12989286554488264,0.03674704526365655,-0.17469889352439516,-0.09810450910876943,0.04736855151136655,0.22223579158280055,0.5496257317829403,0.1955983663353089,-0.10344214619090274,1.0,0.9996922946250951,-0.7333062890066459,-0.7712880016621517,-0.03004377384882908,0.34353850909894,0.31486113230022356,0.34179400035849133,-0.034944661131699375,-0.03235648498093132,-0.10041829024315772,-0.13319983261918975,0.15430356362989273,-0.019718562399732364,-0.17760633504750492,-0.20588094364202328,-0.12730108488791736,-0.16488804967250031,0.1937948827334704,-0.01485290836930603,0.0441025659964719,-0.12290890848781519,0.1731780162163606,-0.029884521610759274,0.060179627637729854,-0.051345124003537565,-0.02070242049687018,0.02184017771621519,-0.04730961011656244,0.06019870128759822,-0.026154115524308116,0.0267899097378483,-0.01764604380330818,-0.027393404843757702,-0.004453069702222434,-0.014492165958177617,0.02609383519153577,-0.061598828097061485,-0.0019095980915472411,-0.0976079180161011,-0.09760791801988164
SCrIDMS,0.011055854547962476,0.11783938994694698,0.06112417689964816,0.10915928452712728,0.4101161080368649,0.0425534028009628,0.3641690101539895,-0.0906806300182125,0.24260250766112507,0.08575834476206963,0.14077454093215025,0.0516505186409627,-0.017252728686362507,0.006768786564725819,-0.017253951422486244,0.07906724677446955,-0.20242389005004163,0.12932031193994567,0.037231139881113956,-0.17404824615079015,-0.09845239403157455,0.04743612632944625,0.2221325602401308,0.5493785477864563,0.19561382387032705,-0.1038199363203966,0.9996922946250951,1.0,-0.7343942943918897,-0.7731600860156951,-0.02906178589811431,0.3434409591448929,0.31480179980559153,0.34173881184942495,-0.03376817935968215,-0.031198887003000823,-0.10059500874156127,-0.13269457477984747,0.15469511954317333,-0.01951437128006367,-0.17667373755273874,-0.2048465467161998,-0.12661566908418218,-0.16401560780936603,0.19354626312105128,-0.014350369614188329,0.044890242622856964,-0.12306438611458025,0.17304116066287265,-0.030626605999213387,0.06010740724918324,-0.05185027906237983,-0.02155135190877933,0.022671437080025593,-0.04763093605747412,0.06046367763499748,-0.026723221587558882,0.026943067374866833,-0.01797724326053185,-0.02677170822407185,-0.003625059260088071,-0.01441982602860398,0.02642732487317722,-0.06117563846308309,-0.0014212032482567793,-0.09778966371928571,-0.09778966372296487
